Dati_finali
speedup first
[1.018181818, 1.007712082, 0.942307692, 0.944578313, 1.045333333, 1.034300792, 0.949152542, 1.034300792, 0.951456311, 0.951456311, 0.949152542, 0.949152542, 0.949152542, 0.949152542, 0.951456311, 1.031578947, 1.031578947, 0.946859903, 0.946859903, 0.951456311]

speedup all
[0.991631799, 2.154545455, 2.925925926, 3.761904762, 4.232142857, 4.9375, 5.152173913, 5.780487805, 5.642857143, 6.076923077, 5.925, 6.236842105, 5.925, 6.076923077, 5.925, 5.925, 5.925, 5.925, 5.266666667, 5.266666667]

serial fraction first
[0.984693878, 1.091836735, 1.078231293, 0.945790816, 0.960204082, 1.0625, 0.962099125, 1.057397959, 1.056689342, 1.058928571, 1.058441558, 1.058035714, 1.057692308, 1.054664723, 0.967346939, 0.96747449, 1.05942377, 1.059240363, 1.053705693]

serial fraction all
[-0.071729958, 0.012658228, 0.021097046, 0.04535865, 0.043037975, 0.059774965, 0.054852321, 0.074367089, 0.071729958, 0.085654008, 0.084004603, 0.099507736, 0.100292113, 0.109403255, 0.113361463, 0.116824895, 0.119880864, 0.144866385, 0.147235177]

parallel overhead first
[0, 0.287216, 0.188897667, 0.1915565, 0.2862836, 0.327026333, 0.218455286, 0.34490625, 0.229465556, 0.2335118, 0.238129636, 0.240399167, 0.246753923, 0.247681143, 0.252610533, 0.376753125, 0.372940647, 0.256044778, 0.258127053, 0.2574689]


parallel overhead all
[0, 0.0080185, 0.057337, 0.05276775, 0.0738006, 0.0746115, 0.087514143, 0.082206375, 0.091805667, 0.0922363, 0.096938364, 0.09816825, 0.101532692, 0.103340071, 0.1041222, 0.112499188, 0.107782824, 0.110419833, 0.111284789, 0.11435015]