
numero threads = 1
[0.895437, 0.64269, 0.529934, 0.444857, 0.279157, 0.16087, 0.0831027, 0.0419333, 0.0225153, 0.0125146, 0.00641918, 0.00367951, 0.00189114, 0.00122428, 0.000773191, 0.000380754, 0.000219345, 0.00014925, 0.406385, 0.203957, 0.101761, 0.0509171, 0.0256736, 0.012866, 0.0064218, 0.00299454, 0.00169873, 0.000861406]

numero threads = 2
[0.435964, 0.317728, 0.262725, 0.222421, 0.140492, 0.0813899, 0.0422621, 0.0212047, 0.0114729, 0.00647163, 0.00326967, 0.00187826, 0.00100255, 0.000608206, 0.000342369, 0.000164509, 8.55923e-05, 6.36578e-05, 0.171287, 0.0852885, 0.0428364, 0.0214117, 0.0111151, 0.00574589, 0.00285769, 0.00143743, 0.00106335, 0.000716925]

numero threads = 4
[0.291712, 0.223478, 0.186586, 0.142119, 0.0939417, 0.0654936, 0.0346246, 0.0175471, 0.00959778, 0.00485158, 0.00255466, 0.00146198, 0.000748396, 0.00057292, 0.000313997, 0.000153303, 8.4877e-05, 5.65052e-05, 0.0893116, 0.0448871, 0.0226471, 0.0115139, 0.00595522, 0.00335503, 0.00186467, 0.00109339, 0.0007267, 0.000727654]

numero threads = 8
[0.234315, 0.189191, 0.166946, 0.114571, 0.075731, 0.0616219, 0.0342553, 0.0173242, 0.00915551, 0.00462174, 0.00245953, 0.00138402, 0.000713348, 0.000570774, 0.000295639, 0.000149965, 8.32081e-05, 5.88894e-05, 0.0521472, 0.0268762, 0.0131233, 0.00763798, 0.00399041, 0.00209546, 0.00135756, 0.000768185, 0.000748634, 0.000276804]

numero threads = 10
[0.225671, 0.184827, 0.165115, 0.113772, 0.073107, 0.0632181, 0.034023, 0.0169687, 0.0087142, 0.00452256, 0.00240588, 0.00132871, 0.000697851, 0.000568151, 0.000326872, 0.000165224, 9.27448e-05, 6.22272e-05, 0.0464902, 0.024791, 0.0120537, 0.00587463, 0.00334048, 0.00174308, 0.00129223, 0.000809669, 0.000613451, 0.000295639]

numero threads = 16
[0.250236, 0.204087, 0.176294, 0.119213, 0.0761492, 0.0648279, 0.0348456, 0.0175922, 0.00894427, 0.00470948, 0.00243998, 0.00134015, 0.000811338, 0.00051856, 0.000342369, 0.000189543, 0.000106812, 8.44002e-05, 0.0453482, 0.0237577, 0.0132186, 0.00784588, 0.00415277, 0.00176024, 0.00102735, 0.00079751, 0.000533581, 0.000294924]

numero threads = 20
[0.256795, 0.200672, 0.174716, 0.115166, 0.0762889, 0.0658824, 0.03512, 0.0182276, 0.00897694, 0.00457621, 0.00229406, 0.00132966, 0.000825167, 0.000527382, 0.000379086, 0.000205755, 0.000106573, 9.10759e-05, 0.0472062, 0.0273042, 0.0136435, 0.00855923, 0.00371861, 0.001863, 0.00116944, 0.000788927, 0.000322342, 0.000317335]