serial : 0.19000000 



n = 10000000
0,19894004
0,10291004
0,05156112
0,02801299
0,01695108
0,01446104


0,19894004
0,19894004
0,19894004
0,19894004
0,19894004
0,19894004

[1, 1.933145104, 3.858334342, 7.101706744, 11.73612773, 13.7569663]


1,98556805
1,02356815
0,51254916
0,27214193
0,14595294
0,12225509

[1, 1.939849389, 3.873907529, 7.296075434, 13.60416618, 16.24118922]

[1, 1.920710484, 3.875103678, 7.301089331, 13.67745798, 17.16732213]


19,83913994
10,32906318
5,11964107
2,71728492
1,45049906
1,15563393