Data lev 2, lev 3

p	w_c_p	w_c_s	elapsed	serial
1	4,25356	4,25356	004,57	002,84
2	2,10214	4,25356	002,41	002,84
3	1,53046	4,25356	001,84	002,84
4	1,27545	4,25356	001,59	002,84
5	1,10026	4,25356	001,42	002,84
6	1,0466	4,25356	001,37	002,84
7	0,922331	4,25356	001,25	002,84
8	0,931872	4,25356	001,26	002,84
9	0,844202	4,25356	001,18	002,84
10	0,888902	4,25356	001,22	002,84
11	0,851724	4,25356	001,19	002,84
12	0,895745	4,25356	001,23	002,84
13	0,884125	4,25356	001,22	002,84
14	0,920724	4,25356	001,26	002,84
15	0,908494	4,25356	001,26	002,84
16	0,935358	4,25356	001,27	002,84
17	0,951142	4,25356	001,29	002,84
18	0,991172	4,25356	001,34	002,84
19	1,01641	4,25356	001,35	002,84
20	1,03812	4,25356	001,38	002,84

speedup lev 2
[0.621444201, 1.178423237, 1.543478261, 1.786163522, 2, 2.072992701, 2.272, 2.253968254, 2.406779661, 2.327868852, 2.386554622, 2.308943089, 2.327868852, 2.253968254, 2.253968254, 2.236220472, 2.201550388, 2.119402985, 2.103703704, 2.057971014]

[1, 2.023442777, 2.779268978, 3.33494845, 3.865958955, 4.064169692, 4.611750012, 4.564532468, 5.038557123, 4.785184419, 4.994059108, 4.748628237, 4.811039163, 4.619799201, 4.681990195, 4.547520842, 4.472055697, 4.291444875, 4.18488602, 4.09736832]

[1, 1.89626556, 2.483695652, 2.874213836, 3.218309859, 3.335766423, 3.656, 3.626984127, 3.872881356, 3.745901639, 3.840336134, 3.715447154, 3.745901639, 3.626984127, 3.626984127, 3.598425197, 3.542635659, 3.410447761, 3.385185185, 3.311594203]

speedup lev 3
[0.47, 0.97107438, 1.175, 1.535947712, 1.566666667, 1.850393701, 1.807692308, 2.025862069, 1.94214876, 2.061403509, 1.991525424, 2.098214286, 1.974789916, 2.061403509, 1.926229508, 2.025862069, 1.910569106, 1.974789916, 1.821705426, 1.88]

[1, 2.14296244, 2.645567816, 3.556281777, 3.649930423, 4.417480527, 4.329816534, 4.953464694, 4.71758404, 5.126994902, 4.867545728, 5.184961963, 4.821456758, 5.088104566, 4.691718433, 4.984744887, 4.637395265, 4.818712808, 4.432084707, 4.579443775]

[1, 2.066115702, 2.5, 3.267973856, 3.333333333, 3.937007874, 3.846153846, 4.310344828, 4.132231405, 4.385964912, 4.237288136, 4.464285714, 4.201680672, 4.385964912, 4.098360656, 4.310344828, 4.06504065, 4.201680672, 3.875968992, 4]

serial fraction lev 2
[0.054704595, 0.103938731, 0.130561634, 0.138402626, 0.159737418, 0.152443472, 0.172241325, 0.1654814, 0.185509361, 0.18643326, 0.202705391, 0.205871627, 0.219996634, 0.223976243, 0.2297593, 0.237417943, 0.251641138, 0.256260637, 0.265230911]

serial fraction lev 3
[-0.032, 0.1, 0.074666667, 0.125, 0.1048, 0.136666667, 0.122285714, 0.14725, 0.142222222, 0.1596, 0.153454545, 0.1745, 0.168615385, 0.19, 0.1808, 0.198875, 0.193176471, 0.216777778, 0.210526316]

overhead lev 2

[0, -0.02464, 0.112606667, 0.21206, 0.249548, 0.337673333, 0.314679571, 0.400177, 0.371584222, 0.463546, 0.465036727, 0.541281667, 0.556928077, 0.616898286, 0.624923333, 0.6695105, 0.700932588, 0.754863111, 0.792538421, 0.825442]

overhead lev 3

[0, -0.160985, 0.215526667, 0.1505425, 0.357034, 0.288158333, 0.425188571, 0.37103525, 0.486782222, 0.458714, 0.552763818, 0.528627167, 0.629741538, 0.603801286, 0.706921333, 0.666560625, 0.756824118, 0.733436111, 0.834917895, 0.8125785]

